# bin L_min L_max     L_av           PP      Error    Ahat
    1    50    60    55.00  1.51170e-07  4.356e-08    1.151
    2    61    74    67.50  1.00784e-07  3.543e-08    0.817
    3    75    91    83.00  1.30156e-07  2.993e-08    1.154
    4    92   112   102.00  8.01296e-08  2.160e-08    0.798
    5   113   138   125.50  6.60400e-08  1.834e-08    0.760
    6   139   170   154.50  7.53360e-08  1.524e-08    1.028
    7   171   209   190.00  6.06777e-08  1.206e-08    1.004
    8   210   256   233.00  3.09388e-08  9.753e-09    0.630
    9   257   315   286.00  3.50347e-08  7.991e-09    0.891
   10   316   386   351.00  3.48431e-08  6.780e-09    1.126
   11   387   474   430.50  2.69403e-08  5.378e-09    1.130
   12   475   582   528.50  1.27558e-08  4.456e-09    0.712
   13   583   715   649.00  1.32175e-08  3.693e-09    0.999
   14   716   877   796.50  1.21061e-08  3.111e-09    1.247
   15   878  1077   977.50  7.01661e-09  2.544e-09    0.993
   16  1078  1322  1200.00  4.25883e-09  2.422e-09    0.837
   17  1323  1622  1472.50  4.75317e-09  2.320e-09    1.299
   18  1623  1991  1807.00  1.21737e-09  2.564e-09    0.464